NMARK = 4
MARKER_TAG = Top_1
NFACE = 9
0,1,2,3,4,5
5,6,7,8,9,10
10,11,12,13,14,15
15,16,17,18,19,20
20,21,22,23,24,25
25,26,27,28,29,30
30,31,32,33,34,35
35,36,37,38,39,40
40,41,42,43,44,45
MARKER_TAG = Right_1
NFACE = 9
45,91,137,183,229,275
275,321,367,413,459,505
505,551,597,643,689,735
735,781,827,873,919,965
965,1011,1057,1103,1149,1195
1195,1241,1287,1333,1379,1425
1425,1471,1517,1563,1609,1655
1655,1701,1747,1793,1839,1885
1885,1931,1977,2023,2069,2115
MARKER_TAG = Bottom_1
NFACE = 9
2115,2114,2113,2112,2111,2110
2110,2109,2108,2107,2106,2105
2105,2104,2103,2102,2101,2100
2100,2099,2098,2097,2096,2095
2095,2094,2093,2092,2091,2090
2090,2089,2088,2087,2086,2085
2085,2084,2083,2082,2081,2080
2080,2079,2078,2077,2076,2075
2075,2074,2073,2072,2071,2070
MARKER_TAG = Left_1
NFACE = 9
2070,2024,1978,1932,1886,1840
1840,1794,1748,1702,1656,1610
1610,1564,1518,1472,1426,1380
1380,1334,1288,1242,1196,1150
1150,1104,1058,1012,966,920
920,874,828,782,736,690
690,644,598,552,506,460
460,414,368,322,276,230
230,184,138,92,46,0
